              precision    recall  f1-score   support

           0     0.4783    0.3729    0.4190        59
           1     0.2400    0.2727    0.2553        22
           2     0.1111    0.1667    0.1333        12
           3     0.0000    0.0000    0.0000        20
           4     0.1562    0.2941    0.2041        17
           5     0.0000    0.0000    0.0000        10
           6     0.2222    0.1765    0.1967        34
           7     0.6859    0.5515    0.6114       194
           8     0.0000    0.0000    0.0000         5

    accuracy                         0.3968       373
   macro avg     0.2104    0.2038    0.2022       373
weighted avg     0.4775    0.3968    0.4309       373
