              precision    recall  f1-score   support

           0     0.5094    0.4576    0.4821        59
           1     0.2188    0.3182    0.2593        22
           2     0.0800    0.1667    0.1081        12
           3     0.0270    0.0500    0.0351        20
           4     0.1163    0.2941    0.1667        17
           5     0.0000    0.0000    0.0000        10
           6     0.3333    0.2353    0.2759        34
           7     0.7429    0.4021    0.5217       194
           8     0.0357    0.2000    0.0606         5

    accuracy                         0.3458       373
   macro avg     0.2293    0.2360    0.2122       373
weighted avg     0.5200    0.3458    0.4018       373
